W
15
	 -0.0648  -0.1292   0.4630   0.6809   0.9072  -0.4207   0.0044
	 -0.1827   0.1036   0.3916   0.7374   0.9969  -0.0789   0.1903
	  0.2655  -0.0490   0.5111   0.6819   0.9099  -0.4148  -0.2619
	  0.1062   0.0932   0.4188   0.7455   0.9996  -0.0281  -0.1035
	 -0.2459  -0.3350   0.1173   0.5004   0.0025  -1.0000  -0.3344
	 -0.1796  -0.3357   0.0462   0.4955  -0.0283  -0.9996  -0.3406
	  0.0866  -0.3398   0.0569   0.5027   0.0173  -0.9999  -0.3412
	  0.3343   0.2658   0.0895   0.0053   0.0332  -0.9994   0.2546
	 -0.2962  -0.0113   0.6331   0.2479   0.9999  -0.0133   0.2960
	  0.0328  -0.1445   0.3979   0.2519  -0.9999  -0.0121   0.0310
	  0.2209   0.1070   0.3428   0.2021   0.9550  -0.2967  -0.1792
	 -0.0942   0.0997   0.4334   0.1724   0.8835  -0.4684   0.1300
	 -0.2265   0.3032   0.1192   0.9965  -0.0219  -0.9998   0.2982
	  0.0780   0.3006   0.0814   0.0006   0.0039  -1.0000   0.3003
	  0.0061   0.2875   0.0335   0.9921  -0.0494  -0.9988   0.2875
1 1
00007fff 

x
13
	  0.1492  -0.1399   0.2765   0.7918  -0.9657  -0.2595   0.1078
	  0.2430   0.1396   0.4161   0.6383   0.7637  -0.6455  -0.0955
	  0.1449   0.1870   0.2566   0.1261   0.7121  -0.7020   0.0280
	  0.3143   0.2807   0.1678  -0.0031  -0.0193  -0.9998   0.2867
	 -0.1070   0.2763   0.1668   0.0003   0.0019  -1.0000   0.2765
	  0.0188   0.1927   0.2043   0.8074  -0.9357  -0.3527   0.0856
	  0.0960  -0.2640   0.1688   0.4855  -0.0910  -0.9958  -0.2541
	 -0.0065  -0.1745   0.1958   0.2828  -0.9789  -0.2046  -0.0421
	 -0.1034  -0.1798   0.2442   0.6300   0.7291  -0.6844  -0.0477
	 -0.2907  -0.2731   0.2050   0.5003   0.0018  -1.0000  -0.2726
	 -0.2582  -0.1285   0.4179   0.1252   0.7081  -0.7061   0.0921
	 -0.1949   0.2521   0.0775   0.2411   0.9984  -0.0557   0.2086
	 -0.1418   0.1189   0.1969   0.3279  -0.8827  -0.4700  -0.0693
1 1
00001fff 

L
6
	 -0.0306  -0.2345   0.7061   0.5006   0.0040  -1.0000  -0.2344
	  0.0861   0.1300   0.5311   0.6526   0.8186  -0.5743   0.0042
	  0.3468  -0.1876   0.1465   0.6478   0.8009  -0.5988  -0.3901
	  0.1699  -0.1121   0.4614   0.9830  -0.1068  -0.9943  -0.0933
	 -0.1903   0.0558   0.7060   0.1558   0.8300  -0.5577   0.1891
	  0.1234   0.3431   0.2346   0.9969  -0.0194  -0.9998   0.3454
1 1
0000003f 

5
14
	  0.0939   0.2917   0.4243   0.0134   0.0842  -0.9964   0.2828
	  0.1176   0.0804   0.3018   0.9315  -0.4173  -0.9088   0.1222
	  0.3523   0.2468   0.1288   0.7259   0.9886  -0.1509  -0.3110
	 -0.0479  -0.2775   0.3663   0.5233   0.1457  -0.9893  -0.2675
	 -0.2422  -0.2971   0.2112   0.4914  -0.0542  -0.9985  -0.3098
	 -0.1122  -0.0222   0.2750   0.4776  -0.1405  -0.9901  -0.0377
	  0.0420  -0.0647   0.1452   0.3810  -0.6798  -0.7334  -0.0189
	  0.1548   0.1713   0.3275   0.5152   0.0954  -0.9954   0.1557
	  0.2582  -0.0615   0.1562   0.7425   0.9989  -0.0468  -0.2608
	  0.1761  -0.1685   0.2887   0.6376   0.7608  -0.6490  -0.2434
	 -0.1975   0.1228   0.2638   0.1782   0.8999  -0.4361   0.2313
	 -0.3506  -0.2303   0.1576   0.2832  -0.9784  -0.2069  -0.3907
	 -0.2497  -0.1745   0.2048   0.9472  -0.3258  -0.9455  -0.2463
	 -0.0394  -0.1591   0.2939   0.0514   0.3174  -0.9483  -0.1384
1 1
00003fff 

Q
19
	 -0.0921  -0.2992   0.1910   0.3802  -0.6835  -0.7300  -0.2814
	 -0.2588  -0.1811   0.1970   0.4396  -0.3706  -0.9288  -0.2641
	  0.2309  -0.0557   0.2540   0.6147   0.6601  -0.7512  -0.1943
	  0.1924  -0.3104   0.1038   0.7150   0.9759  -0.2181  -0.2555
	  0.0745  -0.3593   0.2138   0.4959  -0.0255  -0.9997  -0.3572
	  0.0470  -0.1618   0.1390   0.5178   0.1115  -0.9938  -0.1660
	  0.1605   0.1810   0.1266   0.3951  -0.6124  -0.7905   0.2414
	  0.1687   0.0648   0.1707   0.2048   0.9599  -0.2804  -0.1437
	 -0.1299   0.1186   0.2875   0.6257   0.7102  -0.7040   0.1757
	  0.0271   0.2165   0.1712   0.5118   0.0738  -0.9973   0.2139
	  0.2945   0.2684   0.1195   0.8750  -0.7073  -0.7069   0.3980
	  0.3203   0.1346   0.2190   0.7524  -0.9999  -0.0150   0.3223
	  0.0579   0.2911   0.3737   0.0127   0.0797  -0.9968   0.2855
	 -0.0339  -0.0800   0.1825   0.0152   0.0955  -0.9954  -0.0764
	  0.1007  -0.0337   0.2243   0.0870   0.5198  -0.8543  -0.0811
	  0.0744  -0.2156   0.2166   0.9175  -0.4954  -0.8687  -0.1504
	 -0.1662  -0.0418   0.1785   0.8890  -0.6423  -0.7664  -0.1388
	 -0.3502   0.0072   0.2640   0.2323   0.9939  -0.1107   0.3489
	 -0.2548   0.1920   0.2278   0.1121   0.6475  -0.7620   0.3113
1 1
0007ffff 

Z
10
	  0.1547   0.2796   0.5112   0.9997  -0.0021  -1.0000   0.2800
	  0.1608   0.0577   0.5896   0.5980   0.5777  -0.8162  -0.0458
	  0.0733   0.1637   0.0917   0.3177  -0.9108  -0.4128   0.1343
	 -0.0509   0.1681   0.2734   0.5028   0.0174  -0.9998   0.1690
	  0.1763  -0.2252   0.1340   0.6805   0.9063  -0.4227  -0.2549
	 -0.1007  -0.2790   0.4855   0.4973  -0.0169  -0.9999  -0.2806
	 -0.4124  -0.2377   0.0799   0.2733  -0.9893  -0.1461  -0.4427
	 -0.1378  -0.0251   0.5682   0.0986   0.5808  -0.8140   0.0596
	  0.0418  -0.1637   0.3307   0.9971  -0.0182  -0.9998  -0.1629
	 -0.1592   0.2289   0.1270   0.1856   0.9192  -0.3939   0.2365
1 1
000003ff 

G
15
	 -0.1039   0.0601   0.3343   0.6433   0.7837  -0.6211   0.1187
	  0.2467  -0.1196   0.3153   0.6959   0.9427  -0.3336  -0.2724
	  0.1401  -0.2976   0.1516   0.5377   0.2346  -0.9721  -0.3222
	 -0.1063  -0.2837   0.4318   0.4843  -0.0986  -0.9951  -0.2928
	  0.0498  -0.1157   0.1455   0.4671  -0.2053  -0.9787  -0.1030
	  0.2971   0.2434   0.1655   0.7637  -0.9963  -0.0858   0.3168
	  0.1838   0.1899   0.2018   0.4468  -0.3282  -0.9446   0.2398
	 -0.3261  -0.0723   0.3380   0.2438   0.9992  -0.0392   0.3231
	 -0.1270  -0.1311   0.2340   0.8866  -0.6539  -0.7566  -0.1822
	 -0.0072  -0.1752   0.1557   0.0477   0.2951  -0.9555  -0.1653
	 -0.0080  -0.0404   0.1333   0.2174   0.9790  -0.2037  -0.0004
	  0.1496   0.0239   0.2923   0.0020   0.0124  -0.9999   0.0220
	  0.1398   0.3121   0.3295   0.0241   0.1507  -0.9886   0.2874
	 -0.0481   0.2924   0.1723   0.0320   0.1999  -0.9798   0.2961
	 -0.2211   0.1807   0.2685   0.1227   0.6969  -0.7172   0.2837
1 1
00007fff 

J
6
	 -0.2387  -0.2772   0.2435   0.5118   0.0742  -0.9972  -0.2588
	 -0.2492  -0.1435   0.2026   0.9908  -0.0580  -0.9983  -0.1577
	 -0.3531  -0.2308   0.1373   0.2696  -0.9924  -0.1231  -0.3788
	  0.2273   0.3244   0.1828   0.9947  -0.0330  -0.9995   0.3317
	 -0.0215   0.0864   0.4620   0.1591   0.8414  -0.5405   0.0648
	  0.1454   0.0251   0.6546   0.6608   0.8471  -0.5314  -0.1098
1 1
0000003f 

9
14
	 -0.2308   0.0776   0.2684   0.2179   0.9797  -0.2004   0.2417
	 -0.1240  -0.1512   0.3370   0.0123   0.0772  -0.9970  -0.1412
	 -0.3234  -0.2277   0.1649   0.2391   0.9977  -0.0684   0.3071
	 -0.1468  -0.3003   0.3586   0.5093   0.0586  -0.9983  -0.2912
	 -0.0988  -0.1028   0.2736   0.4543  -0.2835  -0.9590  -0.1266
	  0.3298   0.2454   0.1796   0.8559  -0.7867  -0.6173   0.4109
	  0.0020   0.0786   0.1698   0.8830  -0.6705  -0.7419   0.0597
	 -0.1281   0.2485   0.2033   0.0913   0.5428  -0.8399   0.2783
	  0.1189   0.0818   0.1631   0.1185   0.6776  -0.7354  -0.0204
	  0.1160   0.3092   0.3447   0.0151   0.0948  -0.9955   0.2968
	  0.1757  -0.0946   0.5129   0.6332   0.7428  -0.6695  -0.1939
	  0.2780  -0.0059   0.3761   0.7068   0.9633  -0.2683  -0.2693
	  0.1061   0.1731   0.1616   0.4322  -0.4133  -0.9106   0.2014
	 -0.0147   0.1603   0.1604   0.6106   0.6404  -0.7681   0.1325
1 1
00003fff 

S
13
	  0.1277  -0.2164   0.2673   0.5943   0.5583  -0.8296  -0.2509
	  0.2249  -0.0963   0.1980   0.7202   0.9825  -0.1862  -0.2389
	  0.3302   0.2360   0.1615   0.7076   0.9647  -0.2634  -0.2564
	  0.1269   0.1619   0.3004   0.5133   0.0832  -0.9965   0.1508
	 -0.1754   0.1545   0.2350   0.1936   0.9379  -0.3468   0.2181
	  0.1109   0.0716   0.3207   0.9213  -0.4748  -0.8801   0.1156
	  0.1416   0.3027   0.4184   0.0047   0.0296  -0.9996   0.2984
	 -0.0387  -0.2833   0.2499   0.5152   0.0957  -0.9954  -0.2783
	 -0.2313  -0.2889   0.2616   0.5051   0.0322  -0.9995  -0.2813
	 -0.0995  -0.0164   0.3098   0.4251  -0.4534  -0.8913  -0.0597
	 -0.3493  -0.2055   0.1777   0.2313   0.9931  -0.1175   0.3227
	 -0.0231  -0.1496   0.1997   0.0730   0.4427  -0.8967  -0.1239
	 -0.2267  -0.1498   0.2411   0.9500  -0.3088  -0.9511  -0.2125
1 1
00001fff 

V
8
	 -0.0765   0.0567   0.4420   0.7339   0.9949  -0.1010   0.0819
	  0.1768  -0.0616   0.6728   0.6500   0.8091  -0.5877  -0.1792
	  0.0756   0.0276   0.5150   0.1423   0.7795  -0.6265  -0.0416
	  0.3474   0.2708   0.1512   0.9761  -0.1496  -0.9888   0.3197
	 -0.1538   0.2799   0.1885   0.9966  -0.0213  -0.9998   0.2766
	 -0.2416  -0.0510   0.5979   0.2548  -0.9995  -0.0301  -0.2430
	 -0.1696  -0.3645   0.1354   0.4943  -0.0356  -0.9994  -0.3703
	 -0.0775  -0.3646   0.0692   0.5005   0.0033  -1.0000  -0.3643
1 1
000000ff 

T
9
	 -0.1786   0.0976   0.2397   0.4714  -0.1790  -0.9839   0.0640
	 -0.2478   0.1537   0.1315   0.2001   0.9512  -0.3085   0.2831
	 -0.1590  -0.1576   0.4425   0.1848   0.9172  -0.3983   0.0831
	 -0.1711  -0.3620   0.1562   0.5051   0.0319  -0.9995  -0.3563
	  0.0103  -0.1491   0.4763   0.6809   0.9073  -0.4205  -0.0721
	 -0.0641   0.2215   0.3729   0.0011   0.0069  -1.0000   0.2219
	  0.2697   0.2231   0.3020   0.9996  -0.0025  -1.0000   0.2238
	  0.3951   0.1664   0.1278   0.6758   0.8933  -0.4495  -0.2782
	  0.2403   0.0934   0.2498   0.5164   0.1026  -0.9947   0.0682
1 1
000001ff 

8
19
	  0.0946   0.2230   0.1622   0.4741  -0.1620  -0.9868   0.2354
	  0.1966  -0.1574   0.2553   0.6829   0.9124  -0.4092  -0.2438
	  0.1915  -0.0166   0.1625   0.8550  -0.7901  -0.6129   0.1411
	  0.2124   0.0620   0.1737   0.5142   0.0892  -0.9960   0.0428
	  0.3460   0.2023   0.1941   0.7552  -0.9995  -0.0326   0.3524
	 -0.1416  -0.0951   0.1820   0.6625   0.8526  -0.5225   0.0711
	 -0.0038  -0.0760   0.1849   0.3975  -0.6004  -0.7997  -0.0631
	  0.0629  -0.2855   0.2151   0.5430   0.2670  -0.9637  -0.2920
	 -0.1489  -0.2990   0.3973   0.5030   0.0187  -0.9998  -0.2962
	  0.0049   0.1345   0.1630   0.7881  -0.9715  -0.2369   0.0366
	  0.1195   0.1112   0.1914   0.0953   0.5635  -0.8261   0.0245
	  0.0728   0.2944   0.2269   0.0345   0.2151  -0.9766   0.2718
	  0.1862   0.3143   0.2224   0.9856  -0.0905  -0.9959   0.3298
	 -0.1852   0.1369   0.2066   0.2596  -0.9982  -0.0606  -0.1765
	 -0.1098   0.2647   0.1792   0.0558   0.3435  -0.9391   0.2863
	 -0.1261  -0.1942   0.1577   0.8984  -0.5958  -0.8032  -0.2311
	 -0.0162  -0.1768   0.2062   0.0884   0.5274  -0.8496  -0.1417
	 -0.2752  -0.0353   0.3298   0.1349   0.7495  -0.6619   0.1829
	 -0.3627  -0.2161   0.1875   0.2767  -0.9859  -0.1670  -0.3937
1 1
0007ffff 

D
13
	 -0.0963   0.0244   0.3524   0.7004   0.9518  -0.3068   0.0991
	  0.1881  -0.1758   0.2901   0.6074   0.6247  -0.7809  -0.2548
	  0.0252  -0.2817   0.1041   0.5247   0.1544  -0.9880  -0.2822
	 -0.1775  -0.2933   0.3709   0.5054   0.0340  -0.9994  -0.2871
	  0.0400   0.1774   0.1799   0.4838  -0.1017  -0.9948   0.1805
	  0.1500   0.1134   0.1944   0.3528  -0.7984  -0.6022   0.1881
	  0.0880   0.3059   0.3039   0.9978  -0.0141  -0.9999   0.3071
	 -0.0921   0.3062   0.1040   0.0032   0.0198  -0.9998   0.3080
	  0.3181   0.0819   0.3033   0.7376   0.9969  -0.0781  -0.3107
	  0.2830   0.2666   0.1356   0.8940  -0.6178  -0.7864   0.3845
	 -0.0680  -0.1586   0.1604   0.9724  -0.1725  -0.9850  -0.1679
	  0.0875  -0.0798   0.3048   0.1104   0.6393  -0.7690  -0.1173
	 -0.2505   0.0014   0.6070   0.1950   0.9408  -0.3389   0.2361
1 1
00001fff 

6
17
	  0.1028   0.3052   0.2957   0.0144   0.0903  -0.9959   0.2947
	  0.2576   0.3257   0.2026   0.0018   0.0114  -0.9999   0.3227
	 -0.1419   0.2061   0.2627   0.1080   0.6279  -0.7783   0.2496
	 -0.0008  -0.1626   0.1693   0.0909   0.5406  -0.8413  -0.1363
	  0.1159   0.0861   0.2739   0.9564  -0.2704  -0.9627   0.1142
	 -0.2963  -0.0661   0.4032   0.2049   0.9600  -0.2799   0.2660
	 -0.3142  -0.2583   0.1738   0.3663  -0.7448  -0.6673  -0.4064
	 -0.1462  -0.3158   0.3171   0.4964  -0.0226  -0.9997  -0.3191
	  0.1476  -0.1982   0.3204   0.6243   0.7041  -0.7101  -0.2447
	  0.2034  -0.1043   0.3433   0.7012   0.9533  -0.3019  -0.2254
	  0.0478  -0.0761   0.1049   0.3413  -0.8400  -0.5426  -0.0011
	 -0.0355  -0.0375   0.1318   0.4732  -0.1673  -0.9859  -0.0429
	  0.2537   0.1677   0.1539   0.4500  -0.3090  -0.9511   0.2379
	  0.1151   0.1456   0.2830   0.5204   0.1278  -0.9918   0.1297
	 -0.1044  -0.1054   0.1684   0.7307   0.9927  -0.1208   0.0909
	 -0.1222  -0.1773   0.1697   0.9179  -0.4935  -0.8698  -0.2146
	  0.3240   0.2431   0.1855   0.7081   0.9656  -0.2601  -0.2496
1 1
0001ffff 

H
12
	 -0.2599  -0.0100   0.6168   0.1971   0.9453  -0.3263   0.2424
	 -0.2953  -0.3019   0.1239   0.4962  -0.0237  -0.9997  -0.3088
	 -0.1674  -0.1820   0.2788   0.6715   0.8808  -0.4734   0.0613
	  0.0544  -0.1995   0.2143   0.1978   0.9466  -0.3223  -0.1158
	  0.0859  -0.2994   0.1187   0.5025   0.0156  -0.9999  -0.3007
	 -0.0153  -0.0782   0.1782   0.4625  -0.2333  -0.9724  -0.0796
	  0.1602   0.1597   0.2543   0.1612   0.8483  -0.5295  -0.0513
	  0.2925   0.3018   0.1221   0.9875  -0.0782  -0.9969   0.3238
	 -0.0507   0.1974   0.2247   0.7097   0.9681  -0.2505   0.0986
	 -0.0843   0.3052   0.1238   0.9939  -0.0380  -0.9993   0.3017
	  0.0144   0.0757   0.1678   0.9530  -0.2913  -0.9566   0.0766
	  0.2499   0.0059   0.5955   0.6922   0.9347  -0.3555  -0.2315
1 1
00000fff 

E
12
	  0.1185  -0.2351   0.1683   0.6322   0.7385  -0.6742  -0.2460
	  0.0008  -0.0869   0.2779   0.5471   0.2916  -0.9565  -0.0834
	 -0.1561  -0.2878   0.4391   0.5040   0.0250  -0.9997  -0.2838
	  0.3643   0.2403   0.1253   0.7002   0.9515  -0.3078  -0.2727
	  0.1840  -0.0024   0.1267   0.6726   0.8840  -0.4674  -0.1638
	  0.0335   0.0857   0.0928   0.7661  -0.9949  -0.1010   0.0420
	  0.2015   0.1763   0.2818   0.5093   0.0587  -0.9983   0.1642
	 -0.0235   0.2903   0.1066   0.0179   0.1122  -0.9937   0.2911
	  0.2206   0.2917   0.3319   0.0074   0.0464  -0.9989   0.2812
	  0.1300   0.0550   0.1804   0.9595  -0.2515  -0.9678   0.0859
	 -0.0037  -0.1590   0.2562   0.9696  -0.1900  -0.9818  -0.1568
	 -0.2305  -0.0017   0.6464   0.1732   0.8858  -0.4642   0.2034
1 1
00000fff 

4
13
	  0.2741   0.1695   0.3791   0.6952   0.9414  -0.3374  -0.2009
	  0.2422  -0.0425   0.1114   0.8814  -0.6780  -0.7350   0.1329
	  0.2213   0.3472   0.2369   0.0123   0.0772  -0.9970   0.3291
	 -0.3776  -0.0870   0.1577   0.2146   0.9754  -0.2205   0.3491
	 -0.0642  -0.2757   0.1524   0.1798   0.9043  -0.4269  -0.0596
	 -0.1012  -0.0540   0.1719   0.9433  -0.3485  -0.9373  -0.0859
	  0.0318   0.0078   0.2097   0.1538   0.8229  -0.5682  -0.0217
	 -0.1413   0.1465   0.4925   0.0993   0.5841  -0.8117   0.2015
	  0.0679   0.1243   0.1060   0.3818  -0.6762  -0.7367   0.1374
	 -0.1097   0.0380   0.2353   0.6052   0.6141  -0.7892   0.0974
	 -0.2446  -0.1719   0.3081   0.5023   0.0144  -0.9999  -0.1683
	  0.1475  -0.2165   0.3052   0.6457   0.7928  -0.6095  -0.2489
	 -0.0213  -0.3427   0.1595   0.4811  -0.1182  -0.9930  -0.3428
1 1
00001fff 

Y
8
	  0.3140   0.2503   0.1736   0.0088   0.0553  -0.9985   0.2325
	  0.2655   0.0666   0.3964   0.6429   0.7820  -0.6232  -0.1661
	  0.1260   0.1189   0.2992   0.0922   0.5475  -0.8368   0.0306
	 -0.1585   0.2486   0.2044   0.9957  -0.0271  -0.9996   0.2443
	 -0.2335  -0.3045   0.1505   0.1848   0.9173  -0.3982   0.0929
	 -0.2305   0.0295   0.3918   0.2944  -0.9614  -0.2752  -0.2134
	 -0.1823  -0.3720   0.1614   0.4960  -0.0253  -0.9997  -0.3765
	  0.0070  -0.2319   0.3528   0.6321   0.7379  -0.6749  -0.1617
1 1
000000ff 

U
10
	  0.2531   0.0154   0.5813   0.6833   0.9134  -0.4071  -0.2249
	  0.3036   0.3011   0.1335   0.9986  -0.0088  -1.0000   0.3038
	 -0.0958   0.0821   0.4595   0.7072   0.9640  -0.2658   0.1142
	 -0.0866  -0.1611   0.1647   0.9460  -0.3328  -0.9430  -0.1808
	  0.1184   0.0537   0.5085   0.1773   0.8975  -0.4410  -0.0826
	 -0.0950   0.3004   0.1316   0.9994  -0.0037  -1.0000   0.3000
	 -0.1388  -0.3078   0.2416   0.5022   0.0138  -0.9999  -0.3058
	  0.0173  -0.3020   0.1195   0.5132   0.0829  -0.9966  -0.3024
	 -0.2930  -0.2549   0.1438   0.3444  -0.8291  -0.5591  -0.3854
	 -0.2467   0.0528   0.5251   0.1985   0.9481  -0.3181   0.2507
1 1
000003ff 

7
6
	  0.1222  -0.0607   0.8396   0.6117   0.6456  -0.7637  -0.1252
	 -0.0614   0.1222   0.3437   0.5028   0.0177  -0.9998   0.1233
	 -0.1110  -0.1108   0.6543   0.1166   0.6687  -0.7435  -0.0082
	 -0.2065   0.1858   0.1310   0.1941   0.9389  -0.3442   0.2579
	 -0.2700  -0.3483   0.1691   0.4982  -0.0116  -0.9999  -0.3515
	  0.1185   0.2458   0.5969   0.0034   0.0212  -0.9998   0.2432
1 1
0000003f 

R
13
	 -0.0587   0.3072   0.1150   0.9914  -0.0537  -0.9986   0.3036
	  0.1510   0.3034   0.3098   0.9962  -0.0241  -0.9997   0.3069
	  0.1071   0.0757   0.1908   0.0981   0.5781  -0.8160  -0.0002
	 -0.2540   0.0059   0.6509   0.1834   0.9137  -0.4064   0.2344
	 -0.3047  -0.2955   0.1611   0.5004   0.0025  -1.0000  -0.2948
	 -0.1612  -0.1947   0.2308   0.6534   0.8214  -0.5704   0.0214
	 -0.0078  -0.1890   0.2255   0.3252  -0.8906  -0.4549  -0.0930
	  0.1437  -0.2803   0.2110   0.5031   0.0194  -0.9998  -0.2831
	  0.1817  -0.1673   0.2505   0.8343  -0.8629  -0.5054   0.0722
	  0.3131   0.1708   0.2413   0.7387   0.9975  -0.0709  -0.3002
	 -0.0317   0.1234   0.1567   0.6931   0.9368  -0.3499   0.0729
	  0.0748   0.1784   0.1702   0.4693  -0.1915  -0.9815   0.1894
	  0.1975  -0.0148   0.1633   0.5380   0.2366  -0.9716  -0.0611
1 1
00001fff 

F
11
	  0.2245  -0.0387   0.1357   0.6784   0.9004  -0.4351  -0.2189
	  0.0847  -0.0971   0.2302   0.4990  -0.0060  -1.0000  -0.0966
	  0.1816   0.1434   0.2617   0.5120   0.0755  -0.9971   0.1293
	  0.0401   0.0852   0.1159   0.7103   0.9690  -0.2471  -0.0178
	  0.3381   0.2204   0.1360   0.6936   0.9379  -0.3468  -0.2407
	  0.1425   0.0215   0.2255   0.9938  -0.0387  -0.9993   0.0270
	 -0.0134   0.2793   0.1225   0.9987  -0.0081  -1.0000   0.2792
	  0.1932   0.2772   0.3381   1.0000  -0.0003  -1.0000   0.2773
	 -0.2669  -0.3491   0.1651   0.5001   0.0004  -1.0000  -0.3490
	 -0.1067  -0.2263   0.2957   0.6665   0.8656  -0.5007  -0.0209
	 -0.2112  -0.0353   0.6652   0.1839   0.9149  -0.4037   0.1790
1 1
000007ff 

C
10
	  0.1784  -0.2068   0.1285   0.7314   0.9932  -0.1164  -0.2013
	  0.0691  -0.1700   0.2432   0.0305   0.1905  -0.9817  -0.1801
	 -0.1129  -0.1270   0.1874   0.8688  -0.7340  -0.6791  -0.1691
	  0.2762   0.1790   0.1760   0.4726  -0.1715  -0.9852   0.2237
	 -0.0437   0.0602   0.3508   0.6168   0.6695  -0.7428   0.0739
	  0.0417   0.2594   0.3091   0.0245   0.1534  -0.9882   0.2499
	  0.2689   0.2914   0.1802   0.9988  -0.0075  -1.0000   0.2935
	 -0.0399  -0.2622   0.4245   0.4919  -0.0507  -0.9987  -0.2639
	 -0.1833   0.1422   0.2729   0.1187   0.6787  -0.7345   0.2289
	 -0.2922  -0.0595   0.2979   0.2291   0.9914  -0.1309   0.2819
1 1
000003ff 

M
16
	 -0.2820   0.0181   0.6580   0.2178   0.9796  -0.2008   0.2799
	 -0.1263  -0.0905   0.3998   0.2528  -0.9998  -0.0176  -0.1278
	  0.1262  -0.1424   0.2745   0.2177   0.9794  -0.2018  -0.1523
	  0.1834   0.2540   0.2168   0.1833   0.9134  -0.4071  -0.0641
	  0.0244   0.0303   0.3119   0.1689   0.8730  -0.4878  -0.0066
	  0.1949   0.0457   0.2800   0.2269   0.9895  -0.1448  -0.1863
	  0.3107   0.3353   0.1257   0.9958  -0.0261  -0.9997   0.3433
	 -0.0835   0.3403   0.0971   0.0208   0.1301  -0.9915   0.3483
	 -0.1732   0.3339   0.0804   0.9814  -0.1168  -0.9932   0.3114
	 -0.1963  -0.0910   0.4123   0.6985   0.9481  -0.3181   0.1572
	  0.0645  -0.1065   0.4421   0.6734   0.8865  -0.4628  -0.1065
	 -0.0551   0.1179   0.4431   0.7565  -0.9992  -0.0411  -0.0502
	  0.2852   0.0378   0.5642   0.7101   0.9688  -0.2479  -0.2669
	 -0.3137  -0.2909   0.1067   0.5212   0.1326  -0.9912  -0.2468
	  0.1407  -0.3022   0.0867   0.4725  -0.1720  -0.9851  -0.2735
	 -0.0793  -0.2930   0.0958   0.4915  -0.0534  -0.9986  -0.2968
1 1
0000ffff 

N
12
	  0.0234  -0.2877   0.0459   0.4448  -0.3400  -0.9404  -0.2626
	  0.0963  -0.3052   0.1244   0.4609  -0.2435  -0.9699  -0.2726
	 -0.2992  -0.3187   0.1276   0.4953  -0.0297  -0.9996  -0.3274
	 -0.1614  -0.1033   0.4656   0.6857   0.9196  -0.3929   0.1079
	 -0.2625  -0.0014   0.6439   0.2014   0.9537  -0.3009   0.2499
	 -0.0343  -0.0939   0.3474   0.2914  -0.9663  -0.2575  -0.0574
	  0.1705   0.1202   0.4196   0.2011   0.9532  -0.3023  -0.1262
	  0.2507   0.0052   0.5774   0.7208   0.9832  -0.1826  -0.2455
	  0.0464   0.0993   0.3783   0.7942  -0.9616  -0.2744   0.0718
	 -0.1162   0.3154   0.1035   0.9822  -0.1117  -0.9937   0.3005
	 -0.0372   0.3101   0.0748   0.0060   0.0377  -0.9993   0.3113
	  0.2954   0.3200   0.1160   0.0095   0.0598  -0.9982   0.3018
1 1
00000fff 

3
16
	 -0.0528   0.1753   0.2110   0.5193   0.1212  -0.9926   0.1804
	  0.0831   0.1592   0.1417   0.3851  -0.6607  -0.7507   0.1744
	  0.3160   0.2277   0.1732   0.7744  -0.9883  -0.1526   0.3471
	  0.2780   0.0855   0.1619   0.6035   0.6055  -0.7958  -0.1003
	  0.2478  -0.0317   0.1381   0.8341  -0.8637  -0.5041   0.1980
	  0.1939  -0.1850   0.2703   0.6363   0.7554  -0.6552  -0.2677
	 -0.3349  -0.2284   0.1567   0.2572  -0.9990  -0.0450  -0.3448
	 -0.2629  -0.2929   0.1927   0.5014   0.0086  -1.0000  -0.2906
	 -0.0416  -0.2866   0.3412   0.5122   0.0766  -0.9971  -0.2826
	 -0.0786  -0.0888   0.2897   0.4621  -0.2360  -0.9718  -0.1048
	  0.0879   0.3107   0.4279   0.0048   0.0302  -0.9995   0.3079
	 -0.2669  -0.1486   0.1940   0.9600  -0.2489  -0.9685  -0.2104
	 -0.0789  -0.1495   0.2897   0.0382   0.2378  -0.9713  -0.1265
	 -0.0127   0.1073   0.2878   0.0358   0.2232  -0.9748   0.1074
	 -0.1374   0.2330   0.1503   0.2193   0.9814  -0.1919   0.1796
	 -0.1990   0.0039   0.1231   0.2045   0.9595  -0.2819   0.1920
1 1
0000ffff 

A
12
	 -0.2748  -0.0714   0.4915   0.1469   0.7976  -0.6032   0.1761
	  0.0870   0.0944   0.1569   0.3122  -0.9245  -0.3811   0.1164
	  0.0263   0.0118   0.1328   0.9781  -0.1369  -0.9906   0.0153
	 -0.0675   0.2144   0.3025   0.1520   0.8163  -0.5777   0.1790
	  0.1427   0.3573   0.1945   1.0006   0.0036  -1.0000   0.3568
	  0.0059   0.1079   0.1948   0.6732   0.8859  -0.4638   0.0448
	  0.2403   0.0405   0.6080   0.7507  -1.0000  -0.0045   0.2405
	 -0.1820  -0.2085   0.2320   0.6189   0.6796  -0.7336  -0.0293
	 -0.3216  -0.2683   0.1877   0.4980  -0.0126  -0.9999  -0.2723
	  0.1785  -0.2675   0.1375   0.5119   0.0749  -0.9972  -0.2802
	  0.0941  -0.2192   0.1144   0.2895  -0.9693  -0.2457   0.0373
	 -0.0342  -0.1543   0.1494   0.4747  -0.1585  -0.9874  -0.1578
1 1
00000fff 

X
12
	  0.1558  -0.1550   0.2619   0.8102  -0.9294  -0.3690   0.0877
	  0.0254   0.1842   0.1855   0.7618  -0.9972  -0.0742   0.0390
	  0.2629   0.1370   0.3936   0.6336   0.7443  -0.6678  -0.1042
	 -0.0850   0.2707   0.2325   0.0012   0.0073  -1.0000   0.2713
	  0.1427   0.1891   0.2925   0.1164   0.6681  -0.7441   0.0454
	  0.3208   0.2789   0.1591   0.9815  -0.1158  -0.9933   0.3142
	 -0.0054  -0.1702   0.1688   0.2709  -0.9914  -0.1311  -0.0277
	  0.1073  -0.2727   0.1940   0.4873  -0.0797  -0.9968  -0.2633
	 -0.3056  -0.2776   0.1964   0.5051   0.0319  -0.9995  -0.2677
	 -0.1103  -0.1823   0.2633   0.6256   0.7096  -0.7046  -0.0502
	 -0.1475   0.1384   0.2718   0.3036  -0.9438  -0.3305  -0.0934
	 -0.2500  -0.1269   0.4072   0.1251   0.7074  -0.7068   0.0871
1 1
00000fff 

K
11
	  0.1383  -0.1371   0.3158   0.8195  -0.9062  -0.4228   0.0674
	 -0.0142   0.1749   0.2377   0.7049   0.9602  -0.2793   0.0625
	  0.2559   0.1384   0.4262   0.6005   0.5903  -0.8072  -0.0393
	  0.3271   0.2785   0.1976   0.9835  -0.1035  -0.9946   0.3109
	  0.0986   0.1733   0.3684   0.1049   0.6123  -0.7906   0.0767
	 -0.0488   0.2905   0.1469   0.9971  -0.0184  -0.9998   0.2895
	 -0.2469  -0.0113   0.6012   0.1879   0.9249  -0.3802   0.2240
	 -0.2932  -0.3037   0.1384   0.4944  -0.0354  -0.9994  -0.3139
	 -0.1508  -0.1766   0.2979   0.6651   0.8610  -0.5085   0.0400
	 -0.0461  -0.1540   0.2238   0.2958  -0.9588  -0.2841  -0.0879
	  0.1008  -0.2844   0.2196   0.4923  -0.0482  -0.9988  -0.2792
1 1
000007ff 

B
14
	  0.0123  -0.1544   0.2458   0.0377   0.2349  -0.9720  -0.1530
	  0.1053   0.1024   0.1586   0.0820   0.4930  -0.8700   0.0372
	 -0.0101   0.0946   0.1391   0.9342  -0.4019  -0.9157   0.0826
	  0.0961   0.3142   0.4315   0.9955  -0.0280  -0.9996   0.3168
	  0.2640   0.0931   0.1492   0.5552   0.3399  -0.9405  -0.0022
	  0.2477   0.0093   0.1582   0.8673  -0.7405  -0.6720   0.1897
	  0.3221   0.2175   0.1959   0.7684  -0.9933  -0.1154   0.3450
	  0.1863  -0.1800   0.3027   0.6111   0.6429  -0.7659  -0.2577
	 -0.0021  -0.0797   0.2562   0.4646  -0.2207  -0.9753  -0.0782
	  0.0683   0.1808   0.1718   0.4709  -0.1815  -0.9834   0.1902
	 -0.1250  -0.1111   0.1285   0.7470   0.9998  -0.0189   0.1228
	 -0.0302   0.1482   0.1069   0.6662   0.8646  -0.5025   0.1006
	 -0.2616   0.0022   0.6254   0.1897   0.9291  -0.3700   0.2439
	 -0.1385  -0.2891   0.4571   0.5006   0.0037  -1.0000  -0.2886
1 1
00003fff 

HZ
8
	 -0.0305   0.1568   0.2992   0.4930  -0.0441  -0.9990   0.1553
	 -0.1674   0.2211   0.1089   0.2428   0.9990  -0.0452   0.1772
	 -0.1414  -0.0697   0.6754   0.0966   0.5705  -0.8213   0.0234
	  0.0485  -0.1394   0.3453   0.9734  -0.1665  -0.9860  -0.1293
	  0.1135   0.2776   0.5867   0.9925  -0.0474  -0.9989   0.2827
	  0.1870  -0.2262   0.1267   0.6821   0.9105  -0.4136  -0.2638
	  0.1535   0.0852   0.6777   0.6007   0.5913  -0.8064  -0.0220
	 -0.1243  -0.2710   0.5767   0.5127   0.0800  -0.9968  -0.2602
1 1
000000ff 

2
17
	 -0.3881  -0.2610   0.0666   0.2540  -0.9997  -0.0250  -0.3945
	 -0.2830   0.1370   0.1050   0.4409  -0.3631  -0.9317   0.0249
	 -0.3445   0.2078   0.1019   0.2827  -0.9790  -0.2039  -0.2949
	  0.1383   0.1496   0.1093   0.3606  -0.7680  -0.6405   0.2021
	 -0.0159   0.1707   0.2293   0.5256   0.1600  -0.9871   0.1710
	 -0.1892   0.1608   0.1198   0.6047   0.6113  -0.7914   0.2429
	  0.0731  -0.1540   0.2328   0.9682  -0.1986  -0.9801  -0.1364
	 -0.1092  -0.0562   0.6511   0.0877   0.5237  -0.8519   0.0093
	  0.2709   0.2432   0.1813   0.9702  -0.1864  -0.9825   0.2894
	  0.1349   0.2887   0.2943   0.9825  -0.1099  -0.9939   0.3018
	 -0.0685   0.2295   0.1983   0.1544   0.8251  -0.5650   0.1861
	 -0.1642   0.2323   0.0885   0.8497  -0.8100  -0.5865   0.0033
	 -0.2762   0.2744   0.1784   0.0116   0.0729  -0.9973   0.2938
	  0.3076   0.1487   0.2509   0.7101   0.9688  -0.2479  -0.2612
	 -0.1243  -0.2862   0.5263   0.5001   0.0008  -1.0000  -0.2861
	  0.1588  -0.2350   0.1298   0.6798   0.9044  -0.4266  -0.2439
	  0.1162  -0.0502   0.3538   0.5733   0.4447  -0.8957  -0.0966
1 1
0001ffff 

P
13
	  0.2946   0.0611   0.3573   0.6802   0.9054  -0.4246  -0.2408
	  0.3223   0.1965   0.1839   0.8198  -0.9054  -0.4245   0.3752
	 -0.0095   0.0878   0.1625   0.7099   0.9684  -0.2495   0.0312
	  0.0011  -0.1530   0.1464   0.5141   0.0885  -0.9961  -0.1525
	  0.1231  -0.1302   0.1390   0.5178   0.1113  -0.9938  -0.1431
	  0.0927   0.1427   0.1633   0.4595  -0.2516  -0.9678   0.1614
	  0.0252   0.0046   0.1345   0.9459  -0.3333  -0.9428   0.0127
	  0.1233   0.0275   0.1676   0.0968   0.5713  -0.8207  -0.0479
	 -0.0346   0.2884   0.1153   0.9877  -0.0774  -0.9970   0.2848
	  0.1735   0.2781   0.2631   0.9901  -0.0621  -0.9981   0.2883
	 -0.2115  -0.0176   0.6394   0.1971   0.9452  -0.3264   0.1942
	 -0.2704  -0.3684   0.1564   0.5047   0.0294  -0.9996  -0.3604
	 -0.1185  -0.2542   0.2568   0.6490   0.8052  -0.5930  -0.0553
1 1
00001fff 

I
20
	  0.3280   0.2914   0.1332   0.7362   0.9962  -0.0867  -0.3015
	  0.2074   0.1349   0.3758   0.6171   0.6710  -0.7415  -0.0392
	  0.2010   0.3561   0.2541   0.0013   0.0085  -1.0000   0.3544
	  0.0577   0.2858   0.3877   0.0603   0.3700  -0.9290   0.2441
	  0.1897  -0.1495   0.1873   0.9721  -0.1744  -0.9847  -0.1141
	 -0.1089   0.0371   0.3811   0.0294   0.1835  -0.9830   0.0565
	  0.0151  -0.0001   0.1594   0.8936  -0.6197  -0.7848   0.0093
	 -0.0450  -0.1509   0.2820   0.9264  -0.4459  -0.8951  -0.1551
	  0.1387   0.1299   0.1510   0.8856  -0.6583  -0.7527   0.1890
	 -0.2408  -0.0668   0.5252   0.0867   0.5181  -0.8553   0.0677
	 -0.3594  -0.1795   0.2187   0.1599   0.8439  -0.5364   0.2070
	 -0.2984  -0.0473   0.0969   0.2546  -0.9996  -0.0287  -0.2996
	 -0.3986  -0.2296   0.1103   0.3831  -0.6700  -0.7423  -0.4375
	 -0.1149  -0.2638   0.6028   0.4978  -0.0138  -0.9999  -0.2653
	 -0.0345  -0.0773   0.2604   0.5329   0.2055  -0.9787  -0.0686
	  0.2290  -0.2106   0.1476   0.6470   0.7977  -0.6030  -0.3097
	 -0.0540   0.0366   0.2353   0.2182   0.9801  -0.1984   0.0602
	 -0.1482   0.2233   0.0897   0.3252  -0.8905  -0.4551  -0.0303
	  0.0733   0.0639   0.2429   0.5160   0.1006  -0.9949   0.0562
	 -0.0352   0.1782   0.1550   0.4603  -0.2468  -0.9691   0.1640
1 1
000fffff 

HK
12
	 -0.2396  -0.0162   0.6226   0.1876   0.9241  -0.3822   0.2152
	 -0.0575  -0.1380   0.2383   0.2713  -0.9910  -0.1337  -0.0755
	  0.0878  -0.2872   0.2325   0.4831  -0.1058  -0.9944  -0.2763
	 -0.2801  -0.3055   0.1338   0.5027   0.0170  -0.9999  -0.3007
	 -0.1456  -0.1699   0.2979   0.6921   0.9347  -0.3556   0.0757
	  0.1253  -0.1483   0.3322   0.8039  -0.9433  -0.3321   0.0690
	 -0.0065   0.1849   0.1974   0.7229   0.9856  -0.1693   0.0377
	  0.2488   0.1274   0.4348   0.5961   0.5678  -0.8232  -0.0364
	 -0.0639   0.2820   0.1418   0.0024   0.0150  -0.9999   0.2829
	  0.0838   0.1790   0.2923   0.1247   0.7057  -0.7085   0.0677
	  0.4261   0.2588   0.0390   0.7525  -0.9999  -0.0159   0.4301
	  0.3119   0.2858   0.2253  -0.0124  -0.0780  -0.9970   0.3093
1 1
00000fff 

QC
11
	 -0.0677  -0.0768   0.2083   0.9082  -0.5451  -0.8383  -0.1013
	  0.1652  -0.1178   0.2885   0.0101   0.0635  -0.9980  -0.1281
	  0.2939  -0.1821   0.1692   0.7569  -0.9991  -0.0430   0.2858
	  0.1970   0.2141   0.2286   0.5222   0.1392  -0.9903   0.1846
	  0.2862   0.2808   0.1061   0.7934  -0.9630  -0.2696   0.3513
	 -0.0303   0.0866   0.3148   0.6063   0.6191  -0.7853   0.0868
	 -0.2822  -0.1921   0.0992   0.3524  -0.8002  -0.5997  -0.3411
	  0.0149  -0.2553   0.5606   0.4916  -0.0530  -0.9986  -0.2542
	  0.0622   0.2832   0.4300   0.0472   0.2923  -0.9563   0.2527
	 -0.2033   0.1850   0.1483   0.1113   0.6439  -0.7651   0.2725
	 -0.2851   0.0025   0.3003   0.2223   0.9849  -0.1734   0.2812
1 1
000007ff 

s
13
	 -0.3369  -0.2088   0.2104   0.2546  -0.9996  -0.0288  -0.3428
	 -0.0694  -0.0072   0.4335   0.3749  -0.7076  -0.7066  -0.0542
	 -0.2253  -0.3044   0.2318   0.4930  -0.0438  -0.9990  -0.3140
	  0.0184  -0.2852   0.2508   0.5081   0.0508  -0.9987  -0.2858
	  0.1914  -0.1504   0.2801   0.6751   0.8912  -0.4537  -0.2388
	  0.3270   0.2320   0.1819   0.6963   0.9435  -0.3313  -0.2317
	  0.0895   0.1719   0.2165   0.5290   0.1810  -0.9835   0.1528
	  0.2513   0.1657   0.1228   0.4236  -0.4618  -0.8870   0.2630
	 -0.1180   0.2231   0.2683   0.1116   0.6450  -0.7642   0.2466
	  0.1798   0.3148   0.3816   0.9872  -0.0805  -0.9968   0.3282
	  0.1120   0.0709   0.3204   0.9072  -0.5508  -0.8347   0.1209
	 -0.2237  -0.1433   0.2407   0.9317  -0.4159  -0.9094  -0.2233
	 -0.0100  -0.1659   0.2165   0.0206   0.1292  -0.9916  -0.1632
1 1
00001fff 

p
14
	 -0.1707  -0.2878   0.1011   0.8156  -0.9162  -0.4007  -0.2717
	 -0.2397  -0.3506   0.1960   0.5254   0.1588  -0.9873  -0.3081
	 -0.0735  -0.2130   0.2378   0.5435   0.2698  -0.9629  -0.1852
	 -0.2176  -0.0412   0.7105   0.1945   0.9399  -0.3414   0.1904
	  0.1501   0.0188   0.1375   0.1230   0.6982  -0.7159  -0.0913
	  0.0358   0.0021   0.1535   0.9415  -0.3594  -0.9332   0.0148
	 -0.0479   0.2693   0.1065   0.9408  -0.3635  -0.9316   0.2335
	  0.1760   0.2425   0.3448   0.0013   0.0081  -1.0000   0.2411
	  0.3553   0.1988   0.0943   0.7439   0.9993  -0.0382  -0.3475
	  0.0569   0.2051   0.1030   0.5108   0.0677  -0.9977   0.2008
	  0.1545   0.1355   0.1623   0.3501  -0.8086  -0.5884   0.2047
	 -0.0219   0.1083   0.1765   0.7161   0.9774  -0.2115   0.0443
	  0.1247  -0.1368   0.1865   0.5571   0.3509  -0.9364  -0.1718
	  0.2809   0.0158   0.3037   0.6660   0.8639  -0.5037  -0.2347
1 1
00003fff 

1
8
	 -0.0260   0.1955   0.1450   0.5391   0.2429  -0.9700   0.1960
	 -0.1379   0.2202   0.1022   0.3831  -0.6704  -0.7420   0.0710
	 -0.2046  -0.0265   0.6885   0.1206   0.6871  -0.7266   0.1213
	  0.0702   0.2673   0.5009   0.0270   0.1689  -0.9856   0.2516
	 -0.1296  -0.2655   0.6442   0.5109   0.0685  -0.9976  -0.2560
	  0.1869  -0.1332   0.1444   0.9567  -0.2685  -0.9633  -0.0781
	  0.2119  -0.2010   0.1239   0.6723   0.8832  -0.4690  -0.2814
	  0.2141   0.0905   0.4548   0.6771   0.8969  -0.4421  -0.1521
1 1
000000ff 

