031650042

010020

00010

041020536

01027053064

0100203

03140286957

01020 0

0140203

0100 01

03164025

0140203 012

0314002

0102 01

0213 0102

015042603

045102030

04105270063

010520304

001020

010023

0140203

01020304

01020304

0010203

015020304

0410250360

015084926037

01302 0314502

00 0102

010002

00102403

04150203

013002

0510203064

0012 0102

0000

00315042

03105462

01020435

0100203

010204350

0647150203

010250304

04105276030

010 0102

0102705380649

0100203

010203 01

010420053

01020453

01002 01

0510260304

0100203

0100420365

0100203

010250436

03150042

01020304

01020304

010 0102

010203504

010 0102

010203 021

01004203

0102403

0010203

010 0102

00102034

0010203

004102035

0010203

03102 0310452

0100 0

04102003

031002540

001002

0102 0102

0102043 01

012 03140250

00104203

01020304

01020304

0 010203

01 010203

0140026053

0100 0

01 0010

001020453

0012 0102

01020 012

0315042600

010203045

01085936247

00314025

01605203047

0103240

0 010203

01002650473

010230 012

